graph Automata_Hanoi{
000->001(101),002(102);
001->002(112),000(110),021(202);
002->000(120),012(201),001(121);
010->020(212),012(102),011(101);
011->010(110),211(302),012(112);
012->002(210),011(121),010(120);
020->022(102),010(221),021(101);
021->020(110),001(220),022(112);
022->122(301),020(120),021(121);
100->200(312),102(102),101(101);
101->121(202),100(110),102(112);
102->100(120),101(121),112(201);
110->120(212),112(102),111(101);
111->112(112),110(110);
112->102(210),111(121),110(120);
120->121(101),110(221),122(102);
121->101(220),120(110),122(112);
122->120(120),121(121),022(310);
200->202(102),100(321),201(101);
201->200(110),202(112),221(202);
202->212(201),200(120),201(121);
210->211(101),212(102),220(212);
211->210(110),212(112),011(320);
212->210(120),211(121),202(210);
220->222(102),210(221),221(101);
221->201(220),220(110),222(112);
222->220(120),221(121);
}
